4294967279,35
4294967279,33
4294967279,32
4294967279,31
4294967279,169
4294967294,30
4294967294,61
4294967294,50
4294967294,12
4294967294,11
4294967294,81
4294967294,68
4294967279,29
4294967279,27
4294967279,26
4294967279,24
4294967279,22
4294967279,21
4294967279,19
4294967279,17
4294967279,16
4294967279,15
4294967279,14
4294967279,11
4294967279,10
4294967279,167
4294967294,5
4294967294,41
4294967294,436
4294967294,43
4294967294,416
4294967294,51
4294967294,52
4294967294,969
4294967294,1414
4294967294,83
4294967294,7
4294967278,370
4294967278,132
4294967278,131
4294967278,300
4294967278,130
4294967278,129
4294967278,128
4294967278,127
4294967278,126
4294967278,343
4294967278,125
4294967278,341
4294967278,124
4294967278,123
4294967278,252
4294967278,122
4294967278,251
4294967278,121
4294967278,120
4294967278,119
4294967278,118
4294967278,117
4294967278,241
4294967278,116
4294967278,115
4294967278,114
4294967278,113
4294967278,112
4294967278,233
4294967278,111
4294967278,110
4294967278,109
4294967278,108
4294967278,107
4294967278,223
4294967278,106
4294967278,221
4294967278,105
4294967278,219
4294967278,104
4294967278,217
4294967278,103
4294967278,215
4294967278,102
4294967278,364
4294967278,101
4294967278,337
4294967278,100
4294967278,336
4294967278,99
4294967278,363
4294967278,98
4294967278,362
4294967278,97
4294967278,361
4294967278,96
4294967278,360
4294967278,95
4294967278,94
4294967278,93
4294967278,92
4294967278,91
4294967278,90
4294967278,89
4294967278,87
4294967278,86
4294967278,85
4294967278,84
4294967278,83
4294967278,82
4294967278,81
4294967278,80
4294967278,79
4294967278,78
4294967278,77
4294967278,76
4294967278,75
4294967278,74
4294967278,73
4294967278,72
4294967278,71
4294967278,70
4294967278,69
4294967278,68
4294967278,67
4294967278,66
4294967278,65
4294967278,64
4294967279,84
4294967279,83
4294967279,82
4294967279,78
4294967279,76
4294967279,75
4294967279,73
4294967279,70
4294967279,65
4294967279,64
4294967279,61
4294967279,56
4294967279,53
4294967279,50
4294967279,48
4294967279,47
4294967279,44
4294967279,43
4294967279,39
4294967279,36
4294967279,34
4294967279,30
4294967279,25
4294967279,23
4294967279,20
4294967279,13
4294967279,8
4294967279,7
4294967279,6
4294967279,5
4294967279,4
4294967279,294
4294967279,161
4294967279,45
4294967279,329
149,4
149,3
149,2
149,1
4294967279,150
4294967279,149
148,4
148,3
148,2
148,1
4294967294,89
4294967294,1413
4294967294,163
4294967279,146
4294967279,144
147,4
147,3
147,2
147,1
4294967279,28
4294967279,141
146,4
4294967279,140
146,3
146,2
146,1
4294967279,322
4294967294,1418
4294967294,387
4294967279,138
145,4
145,3
145,2
145,1
4294967279,135
144,4
4294967279,133
144,3
144,2
144,1
4294967294,22
4294967279,279
4294967294,471
4294967294,388
4294967294,115
4294967279,267
4294967279,328
4294967279,0
4294967279,18
143,6
4294967294,1419
4294967294,46
4294967294,393
4294967294,469
4294967279,277
143,5
4294967279,12
4294967294,903
4294967294,185
4294967294,902
143,4
143,3
143,2
143,1
4294967279,262
4294967279,9
4294967294,2
4294967294,0
4294967294,120
4294967294,1
4294967279,258
4294967294,92
4294967294,88
4294967294,86
4294967294,950
4294967294,28
4294967294,920
4294967294,27
4294967294,45
4294967294,426
4294967279,259
4294967279,311
142,5
4294967294,17
4294967294,99
4294967294,76
4294967294,946
4294967294,26
0,5
4294967294,107
4294967294,67
4294967294,470
4294967294,25
4294967294,82
4294967279,257
4294967294,6
4294967294,94
4294967294,93
4294967294,96
4294967294,95
4294967294,42
4294967279,256
142,4
0,7
4294967294,9
4294967294,8
142,3
142,2
142,1
4294967279,327
141,5
141,4
141,3
141,2
141,1
140,5
140,4
140,3
140,2
140,1
138,4
138,3
138,2
138,1
137,4
137,3
137,2
137,1
4294967294,472
136,4
136,3
136,2
136,1
135,4
135,3
135,2
135,1
4294967278,392
4294967294,972
134,4
134,3
134,2
134,1
133,4
133,3
133,2
133,1
132,4
132,3
132,2
132,1
4294967278,391
131,6
131,5
131,4
131,3
131,2
131,1
4294967278,390
130,5
130,4
130,3
130,2
130,1
4294967278,389
129,5
129,4
129,3
129,2
129,1
128,5
128,4
128,3
128,2
128,1
127,5
127,4
127,3
127,2
127,1
126,4
126,3
126,2
